q,I
2.884988915472701341e-03,9.973154803439603366e-01
4.079990443907558634e-03,9.973043049082140898e-01
4.561567985786952814e-03,9.972987172391341026e-01
5.769977798489278956e-03,9.972819544270636882e-01
6.340682733023049640e-03,9.972726418838031570e-01
7.355307312395488115e-03,9.972540170575012741e-01
8.327404047578651144e-03,9.972335301735867352e-01
8.654966616593607817e-03,9.972260805011112783e-01
9.123135843279811530e-03,9.972149061062376418e-01
1.028077563730918007e-02,9.971847358938370487e-01
1.098571021851045895e-02,9.971646229392968630e-01
1.177672755936098187e-02,9.971404134796225671e-01
1.235252773096813528e-02,9.971217912119456628e-01
1.290206219902475908e-02,9.971031693128549200e-01
1.306234239683946516e-02,9.970975828146754205e-01
1.368470344418450113e-02,9.970752371471691688e-01
1.438869943399089663e-02,9.970487023458723952e-01
1.478100139706462965e-02,9.970333404271013444e-01
1.573450556531614045e-02,9.969942385007758423e-01
1.642156524682892443e-02,9.969646337578759177e-01
1.682223054240777546e-02,9.969467596562702205e-01
1.738979457850241619e-02,9.969206938623501602e-01
1.754870129082577307e-02,9.969132466180754548e-01
1.828416566421292230e-02,9.968778730179247427e-01
1.869619716347182756e-02,9.968573941881020417e-01
1.929918364557544480e-02,9.968266766911622057e-01
2.026300232544161681e-02,9.967754831224885370e-01
2.065282266116508919e-02,9.967540757076414071e-01
2.115060379178675121e-02,9.967261537028790919e-01
2.168544445066949641e-02,9.966954403997474454e-01
2.210292436831679322e-02,9.966708705504195853e-01
2.271605197775588073e-02,9.966340168491335527e-01
2.322359887659984634e-02,9.966027481501136265e-01
2.383387699042760488e-02,9.965642220685914099e-01
2.467960512845729718e-02,9.965091512930704942e-01
2.523334380282999875e-02,9.964721007679531173e-01
2.568259234782661535e-02,9.964413956719131438e-01
2.607141996895815869e-02,9.964144131630064960e-01
2.662408956956965889e-02,9.963753364462812900e-01
2.729316496419956911e-02,9.963269579088139816e-01
2.764639483396762187e-02,9.963009089902555848e-01
2.837717740595595978e-02,9.962460223728717423e-01
2.872916062927501415e-02,9.962190454259252093e-01
2.920789007784327374e-02,9.961818370564355929e-01
2.970277298682157119e-02,9.961427697219586985e-01
3.025785618045647232e-02,9.960981234049955946e-01
3.069670065872547385e-02,9.960622483940840821e-01
3.113912112816735744e-02,9.960255774998135747e-01
3.176096300240335846e-02,9.959731246845400232e-01
3.214708900356792048e-02,9.959400176958231876e-01
3.280326136581714763e-02,9.958828934095821372e-01
3.312484656867415583e-02,9.958544654165275567e-01
3.362359219171360408e-02,9.958098325037912923e-01
3.407441042953014004e-02,9.957689208128009950e-01
3.473379046865633646e-02,9.957081143546637758e-01
3.507741571741850722e-02,9.956759462035423836e-01
3.564642721214705823e-02,9.956220249960919810e-01
3.618701928624273867e-02,9.955699661255844601e-01
3.670712489194120215e-02,9.955191494586661527e-01
3.708614080972132132e-02,9.954816584200323337e-01
3.754174921902860007e-02,9.954361133123038607e-01
3.812811793995251469e-02,9.953766292931028881e-01
3.868291612047389944e-02,9.953195385853167432e-01
3.912305059424538850e-02,9.952736560828536749e-01
3.953929845820120664e-02,9.952297935912111093e-01
4.016591471399563046e-02,9.951628885865667629e-01
4.067698845502114302e-02,9.951075098071340275e-01
4.118545811890316627e-02,9.950517624051189447e-01
4.173253587206759985e-02,9.949910014833460714e-01
4.204318572275399929e-02,9.949561631495341674e-01
4.258632330768614971e-02,9.948945723863216184e-01
4.307434429259057729e-02,9.948385802281188850e-01
4.360982381957401177e-02,9.947764181637781533e-01
4.403735780037012354e-02,9.947262626205936042e-01
4.470558408880612178e-02,9.946468552684607500e-01
4.509307064578609719e-02,9.946002428085242153e-01
4.572941404741396459e-02,9.945228815364619557e-01
4.614165480234162786e-02,9.944721822625737229e-01
4.655254639144154605e-02,9.944212070780367174e-01
4.707263285125648511e-02,9.943560045538049064e-01
4.763856754890238160e-02,9.942842656272680157e-01
4.808067560178809485e-02,9.942276378244250257e-01
4.850071673697280844e-02,9.941733341169555205e-01
4.916112643085747413e-02,9.940870114593989282e-01
4.962448309647122385e-02,9.940257549353894717e-01
5.009414461773795124e-02,9.939631100819954490e-01
5.048304401503381916e-02,9.939107701395977212e-01
5.107506848567263530e-02,9.938303382724102963e-01
5.152740015069866286e-02,9.937682417341239249e-01
5.210194457158046077e-02,9.936885927057492740e-01
5.254707842265680939e-02,9.936262911584029522e-01
5.306388174452110473e-02,9.935532901102561709e-01
5.350843700329874914e-02,9.934899271514717745e-01
5.402424822759286510e-02,9.934157238419811797e-01
5.463199243656827880e-02,9.933274290821675345e-01
5.502426890096144552e-02,9.932699304694954101e-01
5.558113219844387776e-02,9.931875838333322770e-01
5.610899997369642872e-02,9.931087676697654132e-01
5.656326662191053789e-02,9.930403420342331922e-01
5.706658755440669611e-02,9.929638811174263946e-01
5.760334580824359729e-02,9.928816281601178240e-01
5.802338054647439985e-02,9.928167408585305553e-01
5.847333423663787777e-02,9.927466679568354158e-01
5.914078515678155429e-02,9.926417534287860223e-01
5.952206428191689214e-02,9.925813304775535917e-01
6.010876226920919274e-02,9.924875532221258956e-01
6.056937909973772460e-02,9.924133038459750367e-01
6.109488942875317130e-02,9.923278765501891696e-01
6.149920107737002345e-02,9.922616730828170972e-01
6.209657308571992634e-02,9.921630837391253177e-01
6.247840031225923574e-02,9.920995685326303715e-01
6.305196713022501176e-02,9.920033882006209502e-01
6.351757122904580499e-02,9.919247123294144819e-01
6.398662324612344743e-02,9.918448888574969979e-01
6.447797364215863969e-02,9.917606279295302363e-01
6.496010549697159298e-02,9.916773005947364661e-01
6.545783188911467876e-02,9.915906477321403401e-01
6.593506547397903761e-02,9.915069646395947567e-01
6.651840639613341988e-02,9.914038661426123333e-01
6.691665404322272304e-02,9.913329568980262518e-01
6.743908754721322785e-02,9.912393021223145917e-01
6.791969255194316157e-02,9.911525039206964260e-01
6.848926174247038645e-02,9.910488743117676913e-01
6.899869374072233053e-02,9.909554326655651835e-01
6.945954483403525559e-02,9.908703253110870968e-01
6.999159583532220397e-02,9.907713516235077122e-01
7.050020535859398418e-02,9.906760869702466721e-01
7.104477778315594627e-02,9.905733020909763820e-01
7.152773639218293344e-02,9.904815181380797195e-01
7.204903644780843996e-02,9.903817451775906999e-01
7.242205467532102092e-02,9.903099162176746129e-01
7.303373134367056874e-02,9.901913241571068669e-01
7.359285608847336568e-02,9.900820824266256537e-01
7.399945856918220544e-02,9.900021089534779550e-01
7.438543260210732366e-02,9.899257737213014163e-01
7.498986540425367497e-02,9.898054930139474905e-01
7.555738188767339991e-02,9.896916839156953971e-01
7.601328159896639236e-02,9.895996404338456287e-01
7.653816693549682360e-02,9.894930124864061982e-01
7.694608186443530062e-02,9.894096192315277039e-01
7.758595108860392997e-02,9.892779768608851443e-01
7.802949468721737114e-02,9.891860666706314698e-01
7.851180313684433254e-02,9.890855618895907364e-01
7.892484363561534655e-02,9.889989602760310694e-01
7.951475983577051265e-02,9.888745962747765850e-01
7.998807639133317937e-02,9.887741153669364902e-01
8.048820219507113460e-02,9.886673164115739043e-01
8.087679340532645533e-02,9.885839068627892967e-01
8.143966967907176335e-02,9.884623169263994091e-01
8.201083051920232680e-02,9.883381606761362237e-01
8.242155769050106551e-02,9.882483058209464710e-01
8.294636972171359757e-02,9.881329081233010125e-01
8.340745308787496370e-02,9.880308755442233082e-01
8.392515688637430804e-02,9.879157117656788278e-01
8.445655881867752957e-02,9.877967587313120079e-01
8.497936255231727798e-02,9.876790060624422996e-01
8.538381894762175905e-02,9.875874040681567045e-01
8.589782107360414976e-02,9.874704064530238634e-01
8.653341765156710719e-02,9.873247822285331488e-01
8.695112393780679572e-02,9.872284803147639565e-01
8.747718380837045393e-02,9.871065728749712775e-01
8.789674214922399420e-02,9.870088463298722914e-01
8.846828925783845055e-02,9.868749637298648292e-01
8.897258560888103573e-02,9.867561407533973483e-01
8.947546215217545840e-02,9.866369755338292302e-01
8.991831600992740425e-02,9.865314845289552270e-01
9.047021203488583851e-02,9.863993323317546968e-01
9.100930730835625482e-02,9.862694781498598795e-01
9.140683245739704421e-02,9.861732174808330864e-01
9.191152118039559726e-02,9.860504345141393179e-01
9.238161244919547432e-02,9.859354993195532657e-01
9.294831973379956425e-02,9.857961570558397835e-01
9.344584685383747202e-02,9.856731323953846768e-01
9.395900971544558777e-02,9.855455978935737660e-01
9.441176097425389713e-02,9.854324739464943583e-01
9.496680500497388377e-02,9.852931173181121993e-01
9.542488500198130497e-02,9.851774591843781570e-01
9.595259852640256049e-02,9.850436055534417257e-01
9.631258235811897273e-02,9.849518647985066044e-01
9.681535728099921467e-02,9.848231718055137085e-01
9.743213253689875231e-02,9.846643981823390845e-01
9.798319490041811075e-02,9.845217308579879978e-01
9.843609681677392698e-02,9.844038914158457221e-01
9.883161977550072863e-02,9.843005359091544504e-01
9.945858333915158500e-02,9.841358793369187064e-01
9.992655773418904208e-02,9.840123239414280132e-01
1.003518882040153465e-01,9.838995459633059770e-01
1.008335912790013777e-01,9.837712477991805704e-01
1.013363547811933219e-01,9.836367098585194757e-01
1.019156209234851618e-01,9.834808717948866352e-01
1.023913822517340116e-01,9.833522573603956651e-01
1.028703368411646724e-01,9.832221757993470090e-01
1.033194350809459178e-01,9.830996810718396484e-01
1.039202425458918277e-01,9.829349829988184295e-01
1.043406016055392072e-01,9.828191966243552402e-01
1.048934234148962419e-01,9.826662602598984497e-01
1.053358114586175759e-01,9.825433026340699705e-01
1.059223505154783668e-01,9.823794865092676520e-01
1.064080039378123010e-01,9.822431978849756051e-01
1.069109733959993369e-01,9.821014054948414840e-01
1.073546116305995612e-01,9.819758116482091292e-01
1.077938696629923976e-01,9.818509436991901262e-01
1.083438334640025869e-01,9.816939068338279561e-01
1.088439754264891174e-01,9.815504480128700582e-01
1.093726456222011839e-01,9.813980990191084608e-01
1.098062178845540388e-01,9.812726351866851715e-01
1.103690488467875125e-01,9.811090387536055557e-01
1.109047990439668147e-01,9.809525503467527718e-01
1.113617079500847651e-01,9.808185416447378069e-01
1.117952191607505391e-01,9.806908679093615522e-01
1.123469593140196954e-01,9.805277203178641710e-01
1.127850944689657020e-01,9.803976019856848190e-01
1.132731879418368975e-01,9.802520640130844010e-01
1.138683471915743622e-01,9.800737895171164338e-01
1.143121705319165848e-01,9.799402715865547231e-01
1.148732569490924088e-01,9.797707497486183303e-01
1.153755882729262938e-01,9.796182854587608402e-01
1.158889537599732678e-01,9.794618365738492205e-01
1.163430753320526256e-01,9.793228698108393804e-01
1.168628723601823349e-01,9.791631779382103939e-01
1.173283471313744664e-01,9.790195766374615305e-01
1.178381965886000915e-01,9.788616680929740355e-01
1.183417044429133785e-01,9.787050916569246528e-01
1.187718870407375310e-01,9.785707840590385231e-01
1.193819719663486573e-01,9.783795198632978529e-01
1.198377631295479279e-01,9.782360187472391999e-01
1.203617853074786664e-01,9.780703731386535260e-01
1.207734804078618301e-01,9.779397745161744204e-01
1.213051105987371092e-01,9.777704705487981762e-01
1.217989747833621572e-01,9.776125488207400016e-01
1.223341804616179807e-01,9.774407302263026232e-01
1.227678058589468379e-01,9.773009815407788237e-01
1.233152277640330308e-01,9.771238976923456443e-01
1.238049937779782672e-01,9.769648180154176798e-01
1.242702631282803366e-01,9.768131144175866698e-01
1.247348084687291275e-01,9.766611376120154508e-01
1.252341088845244643e-01,9.764971674431824900e-01
1.257932157032798370e-01,9.763128274008422425e-01
1.263051225125496335e-01,9.761433464465247845e-01
1.267987094926880109e-01,9.759793166175522172e-01
1.272411374664482175e-01,9.758317765187858317e-01
1.277510951410816276e-01,9.756611059991368018e-01
1.282789713051564473e-01,9.754837167437706569e-01
1.286943464680745941e-01,9.753436821777716759e-01
1.291538811980378898e-01,9.751882385343444426e-01
1.297277422385104961e-01,9.749933730218161010e-01
1.302703427392160607e-01,9.748083698949656650e-01
1.307296814178009747e-01,9.746511752221544977e-01
1.312875698114915612e-01,9.744595642270259539e-01
1.317200407768504000e-01,9.743104798033358493e-01
1.322927722870372302e-01,9.741123424473817627e-01
1.327757260068334888e-01,9.739446064774367473e-01
1.332537026565173421e-01,9.737780506573238126e-01
1.336722997632937282e-01,9.736317163788671403e-01
1.342387328017268511e-01,9.734329965586574485e-01
1.347379602111170860e-01,9.732571988467882962e-01
1.352184438882109707e-01,9.730874004876104433e-01
1.357607078110333876e-01,9.728951021327298943e-01
1.362215650658688826e-01,9.727310933804426130e-01
1.367808467098962089e-01,9.725313504620516358e-01
1.371980021750675849e-01,9.723818600733373785e-01
1.377231170347183731e-01,9.721930608711666366e-01
1.381629381119699740e-01,9.720344304471845165e-01
1.387280069877381283e-01,9.718298851473852196e-01
1.392348589459619368e-01,9.716457528641643249e-01
1.397421305515637591e-01,9.714608281617530539e-01
1.401649520664357274e-01,9.713062118682103119e-01
1.407043058739628205e-01,9.711083311518130534e-01
1.412317878670571458e-01,9.709141117712625224e-01
1.416504670164025759e-01,9.707594691140943866e-01
1.421739296766558192e-01,9.705655223835517598e-01
1.427105919498468101e-01,9.703659717503174686e-01
1.432024989406401327e-01,9.701824560724036095e-01
1.436488397536202499e-01,9.700154119247317297e-01
1.441899887058892271e-01,9.698122248743792362e-01
1.446962167640576669e-01,9.696214980300408293e-01
1.451613118919072298e-01,9.694457316999394170e-01
1.456721334204400808e-01,9.692520582271541008e-01
1.461200220423525820e-01,9.690817197121947002e-01
1.467255550602190595e-01,9.688506343567243606e-01
1.471805225884086910e-01,9.686764413848387711e-01
1.477199296793179351e-01,9.684692464323629846e-01
1.481581998985788962e-01,9.683003691564404658e-01
1.487381959200700376e-01,9.680761554953892789e-01
1.492221779337702392e-01,9.678884411633383866e-01
1.497020780306995424e-01,9.677017681580766251e-01
1.501254041821661334e-01,9.675365927674843824e-01
1.506424230204919945e-01,9.673342877391386541e-01
1.511355121534661006e-01,9.671407481247658033e-01
1.516543554217421041e-01,9.669364531230996151e-01
1.522328051664159354e-01,9.667079241483681473e-01
1.526737707807833688e-01,9.665331429966158572e-01
1.531583826349122157e-01,9.663405430744864688e-01
1.536501626332184567e-01,9.661445057067978848e-01
1.542169825001140915e-01,9.659178250617105332e-01
1.546527008427572847e-01,9.657430444857983964e-01
1.551562131752678153e-01,9.655405002051440366e-01
1.556935773213563856e-01,9.653236549381916110e-01
1.561753496814007602e-01,9.651286576094058045e-01
1.566794495832837808e-01,9.649240024550271855e-01
1.571531395896080263e-01,9.647311503033180191e-01
1.576322833550334590e-01,9.645355141617828476e-01
1.581065161484720705e-01,9.643413511465085408e-01
1.586835662219024112e-01,9.641043496956775982e-01
1.591535226367837286e-01,9.639107463383711494e-01
1.596228447154178776e-01,9.637168796083328548e-01
1.601134619960165040e-01,9.635136290813919313e-01
1.606491197799376214e-01,9.632910705308008747e-01
1.611817610736340778e-01,9.630690745867005464e-01
1.616231254171659193e-01,9.628846141448305085e-01
1.620633995875742639e-01,9.627001436016281444e-01
1.625758273325077774e-01,9.624848371599252772e-01
1.631881155908095349e-01,9.622267666935362396e-01
1.636289513645005078e-01,9.620404017549084585e-01
1.641340879616869641e-01,9.618262905293587517e-01
1.646217095530537466e-01,9.616190018174792797e-01
1.652364121281920395e-01,9.613569170862352742e-01
1.656776413601731279e-01,9.611682137158342742e-01
1.661014501508595864e-01,9.609865314072019160e-01
1.665783837236187725e-01,9.607815653427381752e-01
1.671579823717906643e-01,9.605317459836485439e-01
1.676209852149075363e-01,9.603316122961370604e-01
1.680759927352795391e-01,9.601344362984716163e-01
1.686612428830609189e-01,9.598800885797419413e-01
1.691552604371482915e-01,9.596647650686952469e-01
1.696667025389958228e-01,9.594412322571316265e-01
1.701730908797717545e-01,9.592193065670187035e-01
1.706069458371576586e-01,9.590286682361426340e-01
1.710612195053370366e-01,9.588285980040989198e-01
1.716030648780664247e-01,9.585893055659415740e-01
1.720887487999734067e-01,9.583742434459288084e-01
1.725723915865710056e-01,9.581594964613946441e-01
1.731240902549836536e-01,9.579138977935908184e-01
1.735673376496874587e-01,9.577160346601801821e-01
1.741518985593711044e-01,9.574543927808804034e-01
1.745445689674290646e-01,9.572782000801899338e-01
1.750282942493234795e-01,9.570606206644809433e-01
1.755530468472030481e-01,9.568239940079354966e-01
1.760976178528829705e-01,9.565777358242817385e-01
1.765477001980101379e-01,9.563736744364136344e-01
1.770306393964798941e-01,9.561541890278514311e-01
1.775644129799515414e-01,9.559109677944889194e-01
1.780600782552183015e-01,9.556845160683861140e-01
1.785408867268866440e-01,9.554642879248266274e-01
1.789914032189281190e-01,9.552574527652888392e-01
1.795677170708340764e-01,9.549921788980636483e-01
1.800217206216854771e-01,9.547826543041969538e-01
1.805646958132090529e-01,9.545314260264105011e-01
1.810794680601822138e-01,9.542926181933573115e-01
1.816163914471064234e-01,9.540428917851982993e-01
1.820483981847285937e-01,9.538414554719987226e-01
1.825660523530964197e-01,9.535995277501855272e-01
1.830776672975131247e-01,9.533597921504595174e-01
1.835428318640167367e-01,9.531413135855609786e-01
1.840176794455726517e-01,9.529177635034270510e-01
1.845360748086211922e-01,9.526731154542370517e-01
1.850927589601776280e-01,9.524096906184253974e-01
1.856071669599792806e-01,9.521656569600026598e-01
1.860619091875258257e-01,9.519493986569882438e-01
1.865444540018850739e-01,9.517194069175101134e-01
1.870749073944845131e-01,9.514659558179038301e-01
1.875636542274289054e-01,9.512318584862424764e-01
1.879876676013112202e-01,9.510283226825115843e-01
1.884824761968282303e-01,9.507902852144684003e-01
1.890236658587393648e-01,9.505292763699776382e-01
1.895843054114366988e-01,9.502581742069101667e-01
1.900075106577123751e-01,9.500530591759602794e-01
1.905375736264441344e-01,9.497955758838420026e-01
1.909968477746161741e-01,9.495719517664884535e-01
1.915260318373539217e-01,9.493136912532158522e-01
1.919439765574185164e-01,9.491092667075414768e-01
1.924637363312431404e-01,9.488544884359286780e-01
1.929788092222168572e-01,9.486013884310809940e-01
1.935039105589242137e-01,9.483427483532815838e-01
1.940051361985325185e-01,9.480952635834731801e-01
1.945170609167770071e-01,9.478419189023813418e-01
1.950004019012755996e-01,9.476021681203602443e-01
1.954642595872223276e-01,9.473715894687040340e-01
1.960207450670085894e-01,9.470943074346146462e-01
1.964614251525305666e-01,9.468742340781246547e-01
1.969999519310819125e-01,9.466047018059585705e-01
1.974988452693818841e-01,9.463544163209578475e-01
1.980060368334144727e-01,9.460993863610662746e-01
1.985168799764217284e-01,9.458419213671589443e-01
1.990152296075386462e-01,9.455902090373190516e-01
1.994432208882437607e-01,9.453735715789558514e-01
1.999630226019049606e-01,9.451099128629414370e-01
2.004777706186685327e-01,9.448482097090578069e-01
2.009298817625050082e-01,9.446178583104692938e-01
2.014876604182519459e-01,9.443330431656736801e-01
2.019731011843258761e-01,9.440846031650137471e-01
2.024801338824255004e-01,9.438245196873044085e-01
2.029417201017113259e-01,9.435872710145977171e-01
2.034469547932062639e-01,9.433270212732036697e-01
2.039540095865257086e-01,9.430652735050830682e-01
2.044518721599851707e-01,9.428077012065331219e-01
2.049534902602195841e-01,9.425476331837329136e-01
2.053963683391289152e-01,9.423175449784544355e-01
2.059587607806809550e-01,9.420247283258625925e-01
2.064317822174968342e-01,9.417779079236338058e-01
2.069905174949033255e-01,9.414857158417634375e-01
2.074020742663868211e-01,9.412700435677717747e-01
2.079323810295793662e-01,9.409915852905617051e-01
2.083845827844447440e-01,9.407536592650842522e-01
2.089316593762749752e-01,9.404651894208013729e-01
2.094110062397087912e-01,9.402118857509652594e-01
2.099410883924446025e-01,9.399311920912671869e-01
2.104342433576681104e-01,9.396694830247294128e-01
2.109224475590849579e-01,9.394098797609192752e-01
2.114552393011695230e-01,9.391259555793979308e-01
2.119217796075005267e-01,9.388768200757368065e-01
2.124058639727632869e-01,9.386178185198683632e-01
2.129095153534917850e-01,9.383478060453701586e-01
2.134674579513498871e-01,9.380480243706904586e-01
2.138855261245940498e-01,9.378229477239601319e-01
2.143868615171147241e-01,9.375525317416015803e-01
2.148987474753524807e-01,9.372758675428798369e-01
2.153996519295992285e-01,9.370045637123368687e-01
2.159242066443422814e-01,9.367198719306377708e-01
2.163610404649678465e-01,9.364823443430682071e-01
2.168498356717623587e-01,9.362160416415260533e-01
2.173763387606531816e-01,9.359286244689890566e-01
2.179341471614665016e-01,9.356234577774034111e-01
2.183719680390247830e-01,9.353834582774556150e-01
2.188975459717680816e-01,9.350947915812011235e-01
2.193772634920616582e-01,9.348308077727872645e-01
2.199122616087736404e-01,9.345357866268731994e-01
2.203782740871117474e-01,9.342783253155086953e-01
2.208256797154280748e-01,9.340306894103886926e-01
2.213289055119929682e-01,9.337516364591562645e-01
2.218543648860474560e-01,9.334596694003032269e-01
2.223977961856841712e-01,9.331570851742987394e-01
2.228474443376080860e-01,9.329062478150839111e-01
2.233936486448905856e-01,9.326009401557276979e-01
2.238528584456445092e-01,9.323437765727312643e-01
2.243846786181145359e-01,9.320453813752730410e-01
2.248328649320051054e-01,9.317934232654910831e-01
2.253266267486105090e-01,9.315153711216564991e-01
2.258152037526685862e-01,9.312397045063600665e-01
2.264119826574775007e-01,9.309022960111912326e-01
2.268976200008706867e-01,9.306271631217093443e-01
2.273480651598417390e-01,9.303715215987908849e-01
2.278679800055432858e-01,9.300759048144811025e-01
2.283560601554989467e-01,9.297978594133284869e-01
2.288896279981463555e-01,9.294933343371631906e-01
2.293536385388773302e-01,9.292280127273849777e-01
2.298522772279041337e-01,9.289423793328122070e-01
2.303594074783203716e-01,9.286513306879694563e-01
2.308769501366356447e-01,9.283537532840409057e-01
2.313323959597203827e-01,9.280914101978485764e-01
2.318244825128150943e-01,9.278074525374222503e-01
2.323524027215242427e-01,9.275022645308155234e-01
2.327951399742562988e-01,9.272458540126847781e-01
2.333496129442964029e-01,9.269241531238144871e-01
2.337983621139573809e-01,9.266633295297185269e-01
2.343447880701567121e-01,9.263451382199882067e-01
2.348069056803466781e-01,9.260755666790092544e-01
2.353335304789856974e-01,9.257678041863959262e-01
2.357946667434657473e-01,9.254978407956359066e-01
2.363204353159688298e-01,9.251894830529244773e-01
2.368125195282795858e-01,9.249003669872086775e-01
2.373237731333110168e-01,9.245994547131187735e-01
2.378107435136377901e-01,9.243123103095428617e-01
2.382728063241705829e-01,9.240394094991916107e-01
2.388291031464152003e-01,9.237102545705753176e-01
2.393370305480089499e-01,9.234091537355778589e-01
2.398387517559980864e-01,9.231112033098528569e-01
2.402822252801317948e-01,9.228474071820511604e-01
2.408293553063840797e-01,9.225213978175481611e-01
2.412939025002437121e-01,9.222441011694776369e-01
2.417951714652469275e-01,9.219443882751814368e-01
2.422962764030831273e-01,9.216442412706499221e-01
2.427988765108812230e-01,9.213426942396214514e-01
2.432981188815539486e-01,9.210426323702967100e-01
2.438064866279318899e-01,9.207365552144207710e-01
2.443431399717990171e-01,9.204128665989402824e-01
2.448246534288561482e-01,9.201219478266458029e-01
2.453258247391817137e-01,9.198186388128565261e-01
2.457929600095299372e-01,9.195354575942958908e-01
2.463256877677111323e-01,9.192119710588153580e-01
2.468171576676131684e-01,9.189130254854687152e-01
2.472934626545788828e-01,9.186228292621175795e-01
2.477689152029952380e-01,9.183326916423300013e-01
2.482741414284536929e-01,9.180238650474111806e-01
2.488194043965896718e-01,9.176899883379270317e-01
2.492431119966353192e-01,9.174301383241836305e-01
2.497317114547393802e-01,9.171300229826967465e-01
2.502684795428732345e-01,9.167997544374272278e-01
2.508666307100515525e-01,9.164310528770367448e-01
2.512272819664116419e-01,9.162083866800326826e-01
2.517540163763095085e-01,9.158827069094019890e-01
2.522709084961096138e-01,9.155625647539564760e-01
2.527883585501288777e-01,9.152415366048167744e-01
2.532296231346751747e-01,9.149673489663537884e-01
2.537431730260534812e-01,9.146477569283296694e-01
2.542247434864750022e-01,9.143475798030034074e-01
2.547493814912136223e-01,9.140200192255111267e-01
2.552659556797107765e-01,9.136969597212654115e-01
2.557160600859572641e-01,9.134150368879804249e-01
2.562738402679906047e-01,9.130651011613089008e-01
2.567760139884228687e-01,9.127495231209376003e-01
2.572547129324807003e-01,9.124482219789787907e-01
2.577069566744450979e-01,9.121631539211080275e-01
2.582239361916837117e-01,9.118367839568127797e-01
2.587245142155962796e-01,9.115202579186448828e-01
2.592272685106059571e-01,9.112018581315475263e-01
2.597383332215982832e-01,9.108776667307032504e-01
2.602229509055829504e-01,9.105697838902808705e-01
2.607745850071555571e-01,9.102187618182000506e-01
2.612383931949872617e-01,9.099231507904890215e-01
2.617755322426615350e-01,9.095802742117026218e-01
2.621980488800122466e-01,9.093101656780810949e-01
2.627247441030134967e-01,9.089729668959780629e-01
2.632476397357418341e-01,9.086376659719989091e-01
2.637342056805512258e-01,9.083251696417996568e-01
2.641911693086683721e-01,9.080312505534733347e-01
2.647260882658800663e-01,9.076866873549623849e-01
2.652746291748560026e-01,9.073327764609560031e-01
2.656767838624640721e-01,9.070729197937740240e-01
2.662066020397890198e-01,9.067300894921320742e-01
2.666699710435947446e-01,9.064298310767553435e-01
2.672055662294258171e-01,9.060822286477724363e-01
2.676896277998589424e-01,9.057676031810825146e-01
2.682302188246130648e-01,9.054156836357846183e-01
2.686711916111780840e-01,9.051281959076545869e-01
2.692098601834077010e-01,9.047765089515782400e-01
2.697121512344455296e-01,9.044480637985322646e-01
2.701877436969878921e-01,9.041366311526379818e-01
2.706460107640706325e-01,9.038361196057228542e-01
2.711648650166494368e-01,9.034953987566770595e-01
2.716649036514307558e-01,9.031665401197469523e-01
2.721882492209228288e-01,9.028218349681332855e-01
2.727212491230729952e-01,9.024702410504257255e-01
2.731635842740974818e-01,9.021780242971966235e-01
2.736689777730063056e-01,9.018437047774843229e-01
2.741647044859424898e-01,9.015153059966147797e-01
2.746547283712632570e-01,9.011902147971717625e-01
2.751636375037350146e-01,9.008521080597889918e-01
2.756468454411178381e-01,9.005306316548822299e-01
2.761765045734415058e-01,9.001777369794641270e-01
2.766600659681239249e-01,8.998550804679475990e-01
2.771679008750668749e-01,8.995157550432875126e-01
2.776127144197561014e-01,8.992181373457658333e-01
2.781782692882834862e-01,8.988391914412786621e-01
2.786404677227171112e-01,8.985290520102483525e-01
2.791686652475904862e-01,8.981741343946553213e-01
2.796329498997341956e-01,8.978617244753579474e-01
2.801400369153478898e-01,8.975200521833079925e-01
2.806496358031806970e-01,8.971762026067894302e-01
2.811850644493815166e-01,8.968143889263464619e-01
2.816497062572989041e-01,8.964999840285164945e-01
2.820959718661259497e-01,8.961976206928566890e-01
2.826519151755946813e-01,8.958204345927139878e-01
2.830844896224380958e-01,8.955265548761033312e-01
2.836121159102492073e-01,8.951676166419677561e-01
2.840948099839386010e-01,8.948387958966497191e-01
2.846371017181886232e-01,8.944688561955176365e-01
2.851438389019991249e-01,8.941226841058111940e-01
2.856679405848993047e-01,8.937641405531646654e-01
2.861084202691638323e-01,8.934624119663703290e-01
2.865927279875575273e-01,8.931302425960127023e-01
2.871057153555398034e-01,8.927779412637397716e-01
2.875914480199932011e-01,8.924439013693395983e-01
2.881168312819456512e-01,8.920821022239279197e-01
2.885989554622852560e-01,8.917496571299069474e-01
2.891302969238633280e-01,8.913827752522776038e-01
2.896455832305516176e-01,8.910264803855764137e-01
2.901131714144998264e-01,8.907027543647585421e-01
2.905416168389523546e-01,8.904057669400898822e-01
2.910678869349722642e-01,8.900405168478191520e-01
2.916056467576769173e-01,8.896667696726157093e-01
2.920943198916736150e-01,8.893266867043442270e-01
2.925998253733925192e-01,8.889744268159053275e-01
2.930444200035209890e-01,8.886642293990478780e-01
2.936340347852550714e-01,8.882522997968843592e-01
2.941028547812624128e-01,8.879243104865210956e-01
2.945973987156477736e-01,8.875778992223740671e-01
2.950167642880680563e-01,8.872838036802103145e-01
2.956013983143839785e-01,8.868732674702679564e-01
2.960695178613377831e-01,8.865441143522508893e-01
2.965947426716729618e-01,8.861743361090296256e-01
2.970697499204323910e-01,8.858394904458695152e-01
2.975427954811039610e-01,8.855056170070404464e-01
2.980411037189696355e-01,8.851534853971276817e-01
2.985445581861205233e-01,8.847972664113374908e-01
2.990316275401707635e-01,8.844522073961812447e-01
2.994738282056488843e-01,8.841385829826411413e-01
3.000322637878178877e-01,8.837420074327763109e-01
3.005169971483527824e-01,8.833973264324117558e-01
3.010465552174417803e-01,8.830202923722644259e-01
3.015213792770908285e-01,8.826818131414461144e-01
3.020361154944933291e-01,8.823144257976047733e-01
3.025538100931480234e-01,8.819444516024869118e-01
3.030715661777425574e-01,8.815739675859858293e-01
3.035339437059667578e-01,8.812427132233482396e-01
3.040113448786949113e-01,8.809002965603178748e-01
3.045576996071863163e-01,8.805079377415602204e-01
3.050472439668898139e-01,8.801559310929942814e-01
3.055752870189989978e-01,8.797757696962886786e-01
3.060276194348370837e-01,8.794497345529230792e-01
3.065358163366814770e-01,8.790830054400333715e-01
3.070501774751221435e-01,8.787113593797991618e-01
3.075268597702356943e-01,8.783665399398615792e-01
3.080299076386098789e-01,8.780022156213902473e-01
3.085262076656766772e-01,8.776423557853304525e-01
3.090395307976701589e-01,8.772696946436021603e-01
3.095352502973998110e-01,8.769093865033065205e-01
3.100877087044550118e-01,8.765073426214365915e-01
3.105106726800525019e-01,8.761991744368039514e-01
3.110328250947449469e-01,8.758183273578691308e-01
3.115039920875573021e-01,8.754742508759454367e-01
3.120381480709999433e-01,8.750837266229199995e-01
3.124826558915546615e-01,8.747583763464057416e-01
3.130048085895093535e-01,8.743757638882009298e-01
3.134915514786704716e-01,8.740186708750719013e-01
3.140391353987206924e-01,8.736164634860105194e-01
3.145144964425519718e-01,8.732669006791791144e-01
3.149444037733387103e-01,8.729504273748268650e-01
3.155061313686642332e-01,8.725364348825521699e-01
3.160138156462386494e-01,8.721618301489582059e-01
3.164853624912633556e-01,8.718134881534641556e-01
3.169613207138398114e-01,8.714615184523119007e-01
3.174992474356720384e-01,8.710632572672474261e-01
3.180040294960608249e-01,8.706890930598455425e-01
3.184743332929708681e-01,8.703400971309638301e-01
3.189740281732986182e-01,8.699688899556913269e-01
3.194992367251233145e-01,8.695782798120035295e-01
3.200355993555590861e-01,8.691789037677408736e-01
3.204526742984052934e-01,8.688680114114037956e-01
3.209866199210856808e-01,8.684695878905674959e-01
3.214724319339640202e-01,8.681066622542884526e-01
3.220057691301417835e-01,8.677077956304588557e-01
3.224705868980872192e-01,8.673597838040507657e-01
3.229876335671890697e-01,8.669722428116007906e-01
3.234690222981907448e-01,8.666110300653372400e-01
3.239940133603019801e-01,8.662166827367846489e-01
3.244844777528696489e-01,8.658478516225019961e-01
3.249424475247959521e-01,8.655030956389486718e-01
3.254513666248972092e-01,8.651195880306316033e-01
3.259524298866852132e-01,8.647415850696331674e-01
3.264915957036882976e-01,8.643343910558990428e-01
3.269529073613291481e-01,8.639856034966304499e-01
3.274948877852904561e-01,8.635753915260069302e-01
3.279503450643324602e-01,8.632302948846450885e-01
3.284754735629223377e-01,8.628320037082841676e-01
3.289246583642759236e-01,8.624909503570470370e-01
3.294122598791622281e-01,8.621203561923295178e-01
3.299131681780721470e-01,8.617392531285390511e-01
3.304438762072040014e-01,8.613350460380934104e-01
3.309354090394950876e-01,8.609602595190610774e-01
3.314108374634372467e-01,8.605973912481560406e-01
3.319254775234896648e-01,8.602041805207486513e-01
3.324288389904977437e-01,8.598191886811547002e-01
3.329234390022209888e-01,8.594404986222137222e-01
3.333938858324911880e-01,8.590799443000165514e-01
3.339303425006220349e-01,8.586683591883332856e-01
3.344638906208911022e-01,8.582585625943915941e-01
3.349158018237387568e-01,8.579111155142203904e-01
3.354239621957972317e-01,8.575200297574951946e-01
3.359300798787572817e-01,8.571301104356138234e-01
3.364344942132497795e-01,8.567411053860475301e-01
3.368791752017522567e-01,8.563978414337563017e-01
3.374399769863717924e-01,8.559644896586198204e-01
3.379074294968999470e-01,8.556028954692029842e-01
3.384243665115519994e-01,8.552026304390922817e-01
3.388892746645805754e-01,8.548422841518226178e-01
3.394286300149436109e-01,8.544238320006413145e-01
3.399153935636904933e-01,8.540457756974489945e-01
3.404367018957586422e-01,8.536404943710588222e-01
3.408668094069674526e-01,8.533057964369427095e-01
3.413587739540929200e-01,8.529226126377743578e-01
3.418934003059929116e-01,8.525057751372615567e-01
3.423579921613872368e-01,8.521431812349200552e-01
3.428824028557751480e-01,8.517335103857470724e-01
3.433819376208571139e-01,8.513428739965939185e-01
3.439334913637314139e-01,8.509111215691051999e-01
3.444026219915888309e-01,8.505435216153598432e-01
3.448676411679137965e-01,8.501788097617321016e-01
3.453278332257885275e-01,8.498175556403522179e-01
3.458651564270902035e-01,8.493953538618403964e-01
3.463496779071794651e-01,8.490142671595264368e-01
3.468491480654470327e-01,8.486210414306358807e-01
3.473421700742498341e-01,8.482325281159645014e-01
3.478058604949866850e-01,8.478667934403758544e-01
3.483862313376082653e-01,8.474085641880924058e-01
3.488976893254568945e-01,8.470043409618661645e-01
3.493234151172335267e-01,8.466675641548802034e-01
3.498145643456011533e-01,8.462786974187481714e-01
3.503872597130611721e-01,8.458248173295304095e-01
3.508812907232303768e-01,8.454328899050708168e-01
3.513514314458439092e-01,8.450595689997554283e-01
3.518630007817120653e-01,8.446529828152997688e-01
3.523370915247754920e-01,8.442758386163459194e-01
3.528905315069701953e-01,8.438351516973593425e-01
3.533279089238825499e-01,8.434865587354553051e-01
3.538296948699033440e-01,8.430862852422439380e-01
3.543179990082866992e-01,8.426964143401213247e-01
3.548866959320291503e-01,8.422419156548923702e-01
3.553403358701938131e-01,8.418790255118331345e-01
3.558464561153632522e-01,8.414738008491788879e-01
3.563397914140687406e-01,8.410784493843896925e-01
3.568528779498438830e-01,8.406669002915908573e-01
3.573315137444625367e-01,8.402826314172940902e-01
3.578177273304493089e-01,8.398919470405921128e-01
3.582998756564994003e-01,8.395041876495193955e-01
3.587982180701095314e-01,8.391030503629222093e-01
3.593226107178550399e-01,8.386805594500165162e-01
3.598345242012284118e-01,8.382677385064819520e-01
3.603353465080277873e-01,8.378635045176719975e-01
3.607755984601270782e-01,8.375078558922237626e-01
3.612901939452992095e-01,8.370917998342382038e-01
3.617840349265127320e-01,8.366921720400340989e-01
3.622733182318889633e-01,8.362958851784989545e-01
3.627639515495874045e-01,8.358981718038630548e-01
3.632812580871362940e-01,8.354784582916779945e-01
3.637893737027309005e-01,8.350658356181274167e-01
3.642614193084535157e-01,8.346821759305355082e-01
3.648138312377623427e-01,8.342327986861469702e-01
3.652663096915007013e-01,8.338644050876948821e-01
3.657843232103563103e-01,8.334422886932267849e-01
3.662887311112600908e-01,8.330309032607804420e-01
3.667776045824191478e-01,8.326318486129158369e-01
3.672661352623752817e-01,8.322327422951029119e-01
3.677749878163213415e-01,8.318166785696541332e-01
3.682720219927491101e-01,8.314099245257891013e-01
3.687821739882764516e-01,8.309920856123066413e-01
3.693052063093101300e-01,8.305633277558011063e-01
3.697299274212890730e-01,8.302148803062295856e-01
3.702672520627980357e-01,8.297736890258109455e-01
3.707623892703315605e-01,8.293667934424506782e-01
3.712663203087259167e-01,8.289523279707249337e-01
3.717261688552019328e-01,8.285738082092134471e-01
3.722749081988423470e-01,8.281217475230939762e-01
3.727706155234472574e-01,8.277130172952238407e-01
3.732903020897450630e-01,8.272841594165003531e-01
3.737485879115889920e-01,8.269056711339612953e-01
3.742205827161704246e-01,8.265155600882430065e-01
3.747409276632366337e-01,8.260851382906782003e-01
3.752319171493021521e-01,8.256786623735933306e-01
3.757482140106805368e-01,8.252508906671517375e-01
3.762251611221033576e-01,8.248554039678384076e-01
3.767472068744773250e-01,8.244221661245676458e-01
3.772618777575923454e-01,8.239946967233365838e-01
3.777185670604161216e-01,8.236150884658457461e-01
3.782012698066052891e-01,8.232135537777057754e-01
3.787162775698771910e-01,8.227848143663487601e-01
3.792557196611663906e-01,8.223353456563297081e-01
3.797188972088276770e-01,8.219491185053109383e-01
3.802485649358358644e-01,8.215071047671087534e-01
3.807201183882917839e-01,8.211132779805284665e-01
3.812566346737644718e-01,8.206648315263540550e-01
3.817189772870200892e-01,8.202780892067002005e-01
3.822338345088557854e-01,8.198470874412736586e-01
3.826865063041676174e-01,8.194678624377387255e-01
3.832193232547637662e-01,8.190211467142639590e-01
3.837414620777334640e-01,8.185830290333142578e-01
3.842155453928133846e-01,8.181849331217017074e-01
3.846900651182718622e-01,8.177861699655789574e-01
3.851958320942683311e-01,8.173608398291544175e-01
3.857195589553304438e-01,8.169200499946110972e-01
3.861949048678888774e-01,8.165196807581340810e-01
3.866865370382956968e-01,8.161052888986684017e-01
3.871831476882247047e-01,8.156863879754470137e-01
3.877188076507992465e-01,8.152342018352078945e-01
3.882035423250886907e-01,8.148246792106047520e-01
3.887027663117845200e-01,8.144026165863114120e-01
3.891876225310116344e-01,8.139923876447088258e-01
3.896961606425423663e-01,8.135618167885708685e-01
3.901979612674723596e-01,8.131366214164281736e-01
3.906900580591801675e-01,8.127193420102786225e-01
3.911807372442188679e-01,8.123029694587976524e-01
3.916871556040924518e-01,8.118729263407474805e-01
3.922197595716074292e-01,8.114202998437387571e-01
3.926698094379995618e-01,8.110375504139794023e-01
3.931908676110371093e-01,8.105941029769462292e-01
3.937076415455589284e-01,8.101539732434902552e-01
3.941828047225988119e-01,8.097489882400122907e-01
3.946588034808476975e-01,8.093430114494121197e-01
3.951663673159054868e-01,8.089098062184848503e-01
3.956775280121646032e-01,8.084732174837003793e-01
3.961407968656281975e-01,8.080772578109692850e-01
3.966851412363347484e-01,8.076116639004176090e-01
3.971625600570113934e-01,8.072030148742055378e-01
3.977056339702223497e-01,8.067378367768669456e-01
3.981515607679548263e-01,8.063556070830435463e-01
3.986643074202865233e-01,8.059157991995379300e-01
3.991546673349273266e-01,8.054948979680008891e-01
3.996803501380463142e-01,8.050433608831958354e-01
4.001255717824237501e-01,8.046606794915296401e-01
4.006351776771446827e-01,8.042223609058852807e-01
4.011641893419090610e-01,8.037670255850418721e-01
4.016600349946081727e-01,8.033399325729599916e-01
4.021610746518230473e-01,8.029080718800344352e-01
4.026487967326669026e-01,8.024874082120891927e-01
4.031822603129188165e-01,8.020269699931666940e-01
4.036284268159588406e-01,8.016416187180672726e-01
4.041047051428199310e-01,8.012300034760609924e-01
4.046091008465913519e-01,8.007938019784092143e-01
4.051457131569753400e-01,8.003294089813633994e-01
4.056366358069111722e-01,7.999042635032298509e-01
4.061050871297524623e-01,7.994983205484118560e-01
4.066250068603072254e-01,7.990474718508749907e-01
4.070903448677278269e-01,7.986436964811833850e-01
4.076251027258633863e-01,7.981793728391369802e-01
4.081098106694199812e-01,7.977582261737188318e-01
4.086127688311209094e-01,7.973209325730907793e-01
4.091116850916863834e-01,7.968868725788039731e-01
4.096471345488329474e-01,7.964207117048974771e-01
4.101325354194619299e-01,7.959978379200107756e-01
4.106146121604904442e-01,7.955775981426254084e-01
4.111069619370467665e-01,7.951481284496564328e-01
4.115920696593244887e-01,7.947247138503137354e-01
4.121013535982927523e-01,7.942799099190231971e-01
4.125627329278183653e-01,7.938766946553803550e-01
4.130960127175687946e-01,7.934103399667206125e-01
4.136130262998326534e-01,7.929579174304343114e-01
4.141407787421619302e-01,7.924957884454266743e-01
4.145971637492681938e-01,7.920958978837165931e-01
4.151085244300317112e-01,7.916475652744553448e-01
4.155890885097330290e-01,7.912259754320944971e-01
4.161129974105844953e-01,7.907660661531096258e-01
4.165824865155252632e-01,7.903536738525309691e-01
4.170502768510584990e-01,7.899425327636350191e-01
4.175700044956628387e-01,7.894854623496867507e-01
4.181028566061911200e-01,7.890165460702178724e-01
4.186016012183825241e-01,7.885773663811117551e-01
4.190938350567504633e-01,7.881436540252994005e-01
4.196205151268361799e-01,7.876793035321061343e-01
4.200912096292306885e-01,7.872640598744591323e-01
4.205621922169489046e-01,7.868483279260324315e-01
4.210755120211712721e-01,7.863949434097319280e-01
4.215563313957879643e-01,7.859700231257540359e-01
4.220623385439817854e-01,7.855225642076907322e-01
4.225567774222029893e-01,7.850850820204858804e-01
4.230525724365148399e-01,7.846461322391877768e-01
4.235142835300250153e-01,7.842371309464443163e-01
4.240350845433680238e-01,7.837755140375960439e-01
4.245070646764126376e-01,7.833569237803943430e-01
4.250716406796056224e-01,7.828559081917839668e-01
4.255511912784752382e-01,7.824300837922034679e-01
4.260504659803441285e-01,7.819864893377143078e-01
4.265269184637687783e-01,7.815629342863565920e-01
4.270407323890272333e-01,7.811058988241155188e-01
4.275334131458821685e-01,7.806674020357222687e-01
4.280080382834854369e-01,7.802447495827236068e-01
4.284981226368622109e-01,7.798080814839501995e-01
4.289883654543204528e-01,7.793710268987109613e-01
4.295333231863699974e-01,7.788849039777721028e-01
4.300121010474320937e-01,7.784575730058510556e-01
4.305350221129709554e-01,7.779905728335084758e-01
4.310241198461798873e-01,7.775535292286833711e-01
4.315321366924552704e-01,7.770993246190526227e-01
4.320230492281580403e-01,7.766601671593724721e-01
4.325186852409582672e-01,7.762165409480196177e-01
4.329684129201298304e-01,7.758137938947681223e-01
4.334949833088067028e-01,7.753419712989132462e-01
4.340583257755504798e-01,7.748368987597192836e-01
4.345141490067581103e-01,7.744279959605516739e-01
4.350072341102798057e-01,7.739854332582629670e-01
4.355185047034669799e-01,7.735262953404961062e-01
4.360432947159185169e-01,7.730547557930101954e-01
4.364936318037906937e-01,7.726498977453069017e-01
4.369699556058255219e-01,7.722214613378192150e-01
4.374662240368886734e-01,7.717748515867471903e-01
4.379857295274388607e-01,7.713070778534538707e-01
4.385166027306812708e-01,7.708287945481231418e-01
4.389540801430633632e-01,7.704344560312949008e-01
4.394731328959677885e-01,7.699663422378323352e-01
4.399800388747674984e-01,7.695089393865077732e-01
4.405063399357195264e-01,7.690337742625552586e-01
4.409310707922304839e-01,7.686501215692747024e-01
4.414774984092288412e-01,7.681562867736239086e-01
4.419743130245424312e-01,7.677070510200239006e-01
4.424981073976439472e-01,7.672331628174537954e-01
4.429530437651199026e-01,7.668213642553315390e-01
4.434630696876064593e-01,7.663594689521248116e-01
4.439687188057345746e-01,7.659013026137283520e-01
4.444570372123294311e-01,7.654586109555103768e-01
4.449510495780586439e-01,7.650105313592125977e-01
4.454283379441890123e-01,7.645774133106829629e-01
4.459254779281351944e-01,7.641260540596845896e-01
4.464362866210171976e-01,7.636620504462864334e-01
4.469725125583701719e-01,7.631746999444015689e-01
4.474404110880750851e-01,7.627492375697376703e-01
4.479416576323090315e-01,7.622932307725276413e-01
4.484414477410248456e-01,7.618383237138262043e-01
4.489314734949763630e-01,7.613920849443888139e-01
4.494381777859712268e-01,7.609304298938093236e-01
4.499394043099417262e-01,7.604735436561778084e-01
4.504371641068136145e-01,7.600195947513425088e-01
4.509242638137025971e-01,7.595751545362848800e-01
4.514635789921235820e-01,7.590828229329373844e-01
4.519330885956356347e-01,7.586540090419068294e-01
4.524310837045351641e-01,7.581989698169784297e-01
4.529223058031497939e-01,7.577499034488802687e-01
4.534143984526818882e-01,7.572998318755530534e-01
4.539004388261153600e-01,7.568550843386426807e-01
4.544089513631201505e-01,7.563895626689315366e-01
4.549006178097168007e-01,7.559392470561563382e-01
4.553919556486677456e-01,7.554890217110576955e-01
4.559375750191248522e-01,7.549888141770070282e-01
4.563946636262310452e-01,7.545695775831288143e-01
4.569241042514825546e-01,7.540837542641897207e-01
4.573859565134799077e-01,7.536597594986715887e-01
4.579131308832416480e-01,7.531755730491462852e-01
4.583878816022680658e-01,7.527393365522151436e-01
4.589168905098594542e-01,7.522530209287763281e-01
4.594111705826466885e-01,7.517984207176646727e-01
4.599278946235625942e-01,7.513229593161656616e-01
4.604058578307052008e-01,7.508829637428559023e-01
4.609153005653991997e-01,7.504137845790312955e-01
4.614109390106828634e-01,7.499571140264887914e-01
4.618739144153387599e-01,7.495303549208571781e-01
4.624036964240371694e-01,7.490418000215200989e-01
4.629145089472392338e-01,7.485705206960323599e-01
4.633987639969132655e-01,7.481235511193091714e-01
4.638942973484572185e-01,7.476659737572672881e-01
4.644196548313065387e-01,7.471806401195252301e-01
4.648929711436837198e-01,7.467431900570135062e-01
4.653539085427900179e-01,7.463170129272644893e-01
4.658778360548461728e-01,7.458323889797021655e-01
4.663686861965278263e-01,7.453781644985704169e-01
4.669011125115895000e-01,7.448852470204317955e-01
4.673475475531638779e-01,7.444717711333056487e-01
4.678771651117127894e-01,7.439810474091873571e-01
4.683877854386492845e-01,7.435077207109669351e-01
4.689111067722058213e-01,7.430224099655398096e-01
4.693430362423070545e-01,7.426216912295535710e-01
4.698227543638998083e-01,7.421764694116447236e-01
4.703322218353797046e-01,7.417034429826543374e-01
4.708467738065309494e-01,7.412254946570986380e-01
4.713362498415120672e-01,7.407706503871676063e-01
4.718178444150098461e-01,7.403229500531617324e-01
4.723597441891920767e-01,7.398189807063572099e-01
4.728481978564206822e-01,7.393645264257668881e-01
4.733660946554461568e-01,7.388824820309706221e-01
4.738233381603267902e-01,7.384567265222002908e-01
4.743400028575769922e-01,7.379754519310762761e-01
4.748353670570651386e-01,7.375138354723052014e-01
4.753761488393647983e-01,7.370096889339723401e-01
4.758679361874920133e-01,7.365510273398475638e-01
4.763334057470383631e-01,7.361167484311101905e-01
4.768434068307393914e-01,7.356407406259319881e-01
4.773665204229278203e-01,7.351522997158618233e-01
4.778581995572990793e-01,7.346930247045783124e-01
4.782906113954309424e-01,7.342889724384036310e-01
4.788185338312330175e-01,7.337954850519442518e-01
4.793418293781898099e-01,7.333061311031975338e-01
4.798449143164403852e-01,7.328354905451368584e-01
4.803157924109782706e-01,7.323948168296229300e-01
4.807974830423444867e-01,7.319438622666341043e-01
4.813285147748019299e-01,7.314465252155269992e-01
4.818300334720294065e-01,7.309766493653593322e-01
4.823039076776436951e-01,7.305325109211588952e-01
4.827794349525836304e-01,7.300866666390084525e-01
4.833371508729286670e-01,7.295635664475886850e-01
4.837993112032779597e-01,7.291299283409934384e-01
4.843146814577585224e-01,7.286461910200711101e-01
4.847835627928383517e-01,7.282059295552919531e-01
4.853297139746471922e-01,7.276929314653436398e-01
4.857758871026046088e-01,7.272736902183403185e-01
4.862795604523496573e-01,7.268002601431400311e-01
4.867786979322067942e-01,7.263309225172669414e-01
4.872742420165367960e-01,7.258648046963895872e-01
4.877454867593684074e-01,7.254213878437345553e-01
4.882736842946149847e-01,7.249242084030323996e-01
4.888275953143895736e-01,7.244026275915478319e-01
4.892634853731993583e-01,7.239920387471493468e-01
4.897801241510343351e-01,7.235052269824865379e-01
4.902777755721505759e-01,7.230361435154468719e-01
4.907887156719446531e-01,7.225543650195215273e-01
4.912696975554907697e-01,7.221006869344567258e-01
4.917599615071183150e-01,7.216380967902095156e-01
4.922441506807077038e-01,7.211810884673168776e-01
4.927780242752952122e-01,7.206770118882026566e-01
4.933076874680670243e-01,7.201767360649369287e-01
4.937622654256419441e-01,7.197472356767341539e-01
4.942819408539821380e-01,7.192560728100546585e-01
4.947569293852197569e-01,7.188069980503400958e-01
4.952681779636310955e-01,7.183234849396735733e-01
4.957411910751118866e-01,7.178759916071353331e-01
4.962506846743100497e-01,7.173938302414584189e-01
4.967359733636657615e-01,7.169344278271576609e-01
4.972585160992046283e-01,7.164395992749408304e-01
4.977580119687130544e-01,7.159664414880702044e-01
4.982093300353065968e-01,7.155387913494719587e-01
4.987218486791263339e-01,7.150530004889281699e-01
4.992327821743978711e-01,7.145685599026582180e-01
4.997813816041167811e-01,7.140482336902940208e-01
